12

1111111111 111 11 1111111111 phenennam 1111111111,
11 11 11111 11111 11 1111111111 11111111,11111 11 1111111
1111 11 111 11111111 1111111111 1111111111 nm 111,
1111111111, 111111 111111111111111 1111111111, 1111111-
111 1111, 111 11111111 11111111111111111 1111111 11111
’ 111 111 1111111111 111111 premium 1111111 111. Quod
11 111, qun 111111111 111 111111 querunt, 1111 111111
11111111 1111111111 11111111 utque 11 111111 1111111111
111111, 11111111 1111111 1111111111 1111111111111111111·
111111 111 1111 1111111111 11111111111111111111. 111111-
1111 111111111111111111 111 111111111111111111111111
1 11111111111 11111111111 11111111111111, 11,11111111
1111111111 11111111111, 1111111111. 8111111111 11 1111111111
1111111111 111111111 111, 11 1111111111, 11111111 111111·
1111111111 admoventur, 111111111111111111111 1111 11-
1111111111 111111,111 11 1111111 1111111111, judicium 11
1111111111 111111111111, quid 111111111 judicium 11111,
1111 111111111111 11 1111111111111111 1111111111 11111111-
1111111111, experientia 111111111111111, 1111111,
111 1111111 111111 11111111.

sed 11 111 1111 1111111111 111 1111111111 11111111111111

quemnam 1111111111111111111 1111111111, 111111 111

ex 1111111111 1111 11111111 11111111111 11111111111 1111
1111 1111111111 111111 111111 (§ 2) 111111111 111111
111111111111111, 11111 111111,11, (1111111111111111 1111
11111111, pravum 111111 11 conscientia 11111111. Vaga 111
111111 1111111111 11111111111 methodus, 11 11 111111111-
111, 11111111111 cavendum.

crescet 111111 1111 (1111111111, 1111111111111111,11
1111111111 phoenomenis contingere, 11 1111 1111111111

 

